-47.39739675985351
-49.804110200811216
-48.71261932719737
26.035811669299605
89.96072922963168
-14.186500073765544
-93.06498202121507
-30.20340065312213
45.938753418353855
93.34918683734378
84.52288438177041
88.38873601928432
-22.569232653193794
-58.206301174216925
42.081838817155614
85.54116698608922
73.48819171040023
44.325316700728536
-85.77025239504819
33.03533572788285
-31.372418364123348
-38.86105269930476
-10.828135534407906
14.232624350953756
-19.0993928893825
93.4146061757373
72.2340198583095
77.46978935936741
-51.683755613724244
86.00955186991953
97.89754358327224
46.691875460007026
3.0256514666332066
-32.408891806640355
21.250313774953057
-24.05023479595434
44.750368832734864
-25.68999756706735
-55.036517858221146
79.89732970716113
-46.745108004390936
-73.25306888167333
-80.65115225899513
24.181091431053233
-85.76499868541832
59.74776953440454
90.74710162384832
-82.3770649052956
23.813417370357797
-59.104204194797475
67.44251354533185
12.354413530389351
-16.09518188894816
-44.248064154972575
-77.50507238581733
-11.431162292079676
4.0324467125321775
-13.372929986031878
-40.67477307553953
-22.68478079183329
-15.25108145219103
-33.46702708165496
28.58579236814535
-42.23398034438013
73.63412766236519
-48.90841583311874
3.7927630046379335
54.64834044297126
-43.08654990948639
18.5648558191873
-1.607832856122144
-42.96393122962061
-21.940218034927383
81.80037820137997
38.377410518278566
-18.541667761187057
-40.68671897528719
-24.22920758912464
-7.729126389013132
10.287383118946167
42.87287564047989
-29.482273285819048
4.227594642694584
50.62683629244674
-34.415916902239104
-48.30614026541773
76.21449591958262
79.4290723950806
-65.73207997808004
-90.4703646352929
1.6638008482338336
-32.671696221428775
78.40590114124481
81.93367376628663
-34.30538689728331
6.683768348213647
-77.28337307543545
-91.43090834199671
-4.057986321283053
-91.41479515780708
