97598
565771
260004
520334
174086
607695
345829
97648
705920
622523
458763
942913
547123
331987
657350
100364
963432
795227
247098
222663
585554
514646
187822
776988
263303
603864
230621
460758
331820
599562
788650
257509
480496
319674
171825
466446
651311
420316
659385
947121
385270
948322
15045
523768
160806
493491
450825
494042
767537
234442
706298
698505
655682
941230
519550
156542
766585
648010
868099
838686
630804
267688
177516
1865
733289
606926
447909
912320
145487
739637
329623
919536
609245
224738
710583
668639
964618
568484
691449
295154
141556
640489
25251
28056
111676
443580
265788
564183
333646
437919
660835
844529
760382
724352
668667
147954
230734
739996
807876
384345
78156
988461
377669
379873
997400
587217
156645
195947
777539
400249
883098
685129
542740
571786
550009
987497
796644
718163
637547
351196
316009
712748
690368
976770
868047
204199
289629
901460
382210
42166
704465
107086
360009
291161
2758
439735
272524
794177
721363
750414
162998
239942
474734
165971
622901
218370
446015
376495
854622
929352
708623
507840
501294
182660
429791
175621
593900
91697
258262
466467
449130
217649
758354
761874
164521
469836
560031
71399
370972
821384
846661
102718
600645
885472
551867
824003
98556
84965
456954
626973
731214
950126
860717
299256
817602
812221
53380
607086
749111
327792
679400
374098
550441
492192
989065
57624
976594
288602
908435
90020
856429
44344
113086
340526
368597
435099
973829
802574
196429
151942
494126
709481
803801
623706
436872
385720
114121
471530
77619
118130
804693
302202
819865
341974
369124
455321
452987
51927
370599
909848
739750
7459
404706
404646
663556
634258
976075
77449
189262
307304
736267
386811
889375
497222
612065
75359
632484
103668
47206
951646
715696
843139
219819
685731
187308
53474
595838
483759
291947
931520
547084
402393
597852
983192
559264
680678
473113
410590
339209
627073
562844
271236
789018
897111
60305
591209
619979
208657
627334
649311
428221
413167
334462
383383
965979
362686
122021
984171
171676
768373
254303
444936
788196
559730
944506
934262
74122
95116
493953
133382
23605
547348
249394
68887
455967
335725
355399
668484
479996
22981
569648
906670
127795
264495
821090
170465
276235
237919
839753
533605
653601
307841
430361
827236
547861
835574
497154
225970
880325
255724
613762
106814
648305
718936
677332
857492
739582
980307
696966
546189
123030
180878
88616
727252
56300
277044
954080
402773
786525
627611
889371
949508
444402
702053
172894
376902
846210
942329
998779
750528
417781
687641
940254
624315
905571
662881
997767
516209
600730
32411
116562
513975
154430
625601
306098
854150
217099
842704
683964
714983
320311
73733
512479
844795
112626
748727
682930
975780
618895
664976
259750
906580
427132
378857
382682
335920
774765
25601
757390
179808
427736
623450
342959
767798
944921
539697
925840
716024
672501
435544
902010
838795
967163
193201
966938
990654
60678
454217
617112
810225
599584
337870
729865
868577
74305
851759
788474
896017
802997
133007
438893
370325
404379
73061
929760
79358
289161
99058
142024
479965
229645
535904
765789
996726
968207
918004
785039
414979
348306
782128
523862
100705
575577
987912
793319
51355
18726
731518
115202
894930
96221
126620
708840
239558
707976
723470
886506
181379
177524
182489
239773
392490
39096
438588
832874
901595
830101
933537
995586
31612
798841
299776
301102
901801
209310
173329
44804
701048
494096
905963
190389
972775
377099
685182
631172
860452
475586
222506
398481
290425
553724
98746
47699
412115
815257
490752
784101
907309
180467
409805
215223
287518
326240
111501
450085
427003
585811
972477
870308
550378
718370
84171
670169
766212
269666
40841
39108
211110
796526
219084
50009
410965
251079
916263
533359
162763
67605
148479
85777
183586
949964
250955
736371
693596
963114
206187
252671
58381
5916
733665
427276
796517
701824
495600
905904
4766
585349
835536
872684
691326
956655
540042
972934
195209
881911
359414
185332
531591
339279
593871
12532
238189
263107
964720
517113
857067
174971
509870
908223
299281
440029
811473
994879
692383
613263
53359
173182
54503
450266
886439
125633
749985
29098
361207
243867
649611
454642
176635
636326
332923
587308
7299
387088
783235
623038
853967
134989
593727
842744
450665
12202
862845
194938
260319
207298
198858
348083
43548
161609
447765
335748
791586
823301
594051
331203
245351
592157
397134
944027
656841
621962
904026
53840
465582
484458
498070
321376
344508
610035
312843
564229
647026
478020
350724
822935
449121
140759
413978
236239
344139
826963
958363
930151
830102
609919
590167
875101
788845
258512
786182
490965
166772
468003
799705
631838
44389
620358
234332
691085
667724
289840
96388
42053
624667
833297
904091
113177
502379
316292
644805
566536
169936
216738
179181
44711
480599
850544
584338
906524
553438
844216
6248
620870
156753
76789
614956
368954
513853
132967
19463
2665
646738
989383
83614
921373
205882
959381
26612
972514
342224
458125
609085
989185
798014
396407
547136
648103
907128
826014
561383
568037
574031
245592
82918
189713
867251
23876
95750
949513
754760
303635
469709
236055
451875
807356
419148
132336
411169
688915
896069
290455
491492
331316
795958
414559
917355
930841
484998
98573
710477
926220
640715
232284
315090
997302
912310
217818
20206
408597
90460
281967
186203
285388
99681
110333
747090
66452
637251
133219
451493
846672
847936
209948
928700
236927
21861
339269
344490
146315
376117
988412
261483
518142
444594
828836
39548
766292
593099
902276
465879
494699
756705
31759
979210
3095
525047
727486
969203
511890
544183
305498
664784
798555
382294
318507
488305
178174
955864
945102
136976
852224
604248
521701
263160
769999
906465
142689
319991
379737
196981
108801
72202
92491
357774
347241
963319
463684
186558
965403
248378
85787
53367
572884
641239
291209
725991
130565
806542
494197
951484
339884
748141
619803
581445
224079
43711
698392
172664
29333
514338
933268
956816
109377
60279
206412
979727
975500
650290
211706
360929
279901
91920
615076
767777
359911
772777
161662
6196
264671
951771
639037
377555
463513
853094
795770
625255
410174
437334
943678
284941
792492
337819
611568
165817
364586
413108
330392
998198
657926
184394
983375
384331
249805
536153
726789
331386
993895
649289
244847
467170
564300
339035
887883
757508
744359
894142
363473
426082
811013
767362
154424
21251
533434
491684
122593
245844
976913
168647
833124
111017
7597
213956
562358
12576
201088
486360
590068
69798
286183
53436
537486
899795
254689
537170
29075
396337
686379
978811
360020
674202
617209
250053
937912
931135
966866
960770
667996
867461
675337
865780
198052
33225
342099
4132
464035
726724
649994
960849
521059
243722
38589
421766
630801
147629
302001
490629
237448
248318
686201
462303
961912
817651
576365
554853
420211
137060
667530
153209
547860
488496
420774
104381
100172
698941
773134
726381
794698
933980
408318
305289
897030
889290
167484
647530
50091
48018
729745
336886
401055
84688
539813
797679
654832
723346
28790
624613
946332
165527
52852
514380
157693
845753
545341
441064
61839
830310
758512
526821
687199
269770
243184
759939
728658
813769
402167
359470
217232
844456
339924
365035
381451
735819
413378
355951
236335
277593
754151
425290
316392
26491
556070
258816
479243
43588
781729
493240
945762
321067
636366
697038
982551
252275
22453
23491
893947
972139
495555
156756
999924
583057
875086
602664
531137
567954
340134
350370
647980
889837
691028
275735
743627
740789
600818
27289
963570
726453
669798
248050
354040
692846
876476
754605
324452
619899
800160
653453
710197
835542
107253
25569
818443
333107
101460
962159
824437
550794
665060
410510
895064
772274
983762
754128
635832
664937
569965
694555
391590
913712
140705
194073
570054
758547
379215
429829
728700
537542
518405
77606
134899
722347
231647
457113
306441
104305
267577
629766
729179
75990
244559
162421
442984
253516
308
700857
491108
616762
772139
553226
224988
689497
961894
690609
569920
580479
106072
791132
303890
355001
2105
794833
337386
219216
232982
263615
12899
875502
647506
432304
691814
431899
299581
40347
570385
351776
128334
732631
708227
60044
886144
681001
705670
783764
6791
996222
609498
217301
143342
662196
675930
528502
119247
317842
703181
917609
876398
350489
272588
418256
296050
962994
716171
382076
703616
973702
846085
316688
960565
754925
674824
410116
723200
233086
707226
910278
287259
214725
135687
314810
97380
530578
949384
767330
848476
723502
470738
822041
96763
899049
535928
297274
921261
233999
751869
981790
891437
887353
530106
561473
774717
247295
417384
333062
630591
336203
269515
897681
327091
253256
149372
387410
955726
107834
372625
474402
381363
912360
186410
8389
214416
538100
285595
51215
67032
473611
143665
80036
170008
626231
902243
949272
598905
834449
718359
878453
180433
875092
172685
322778
749221
828622
598316
590592
279807
537712
88871
993688
132008
639300
726412
535696
790595
180797
641449
583093
282182
97322
210587
896051
682837
144197
325428
437111
310013
179240
89416
991221
565257
44127
455957
707973
851141
871256
738060
471529
379853
903031
525632
86186
363088
540806
751466
608031
60583
79306
355990
731023
148684
758129
180334
346734
743800
568167
105825
237572
964701
677767
48304
242603
566141
693294
910421
802679
714149
526508
235344
923248
337738
446036
968143
114618
137470
64179
113977
342678
6543
544733
465431
146689
394493
505314
959135
63034
406165
526496
407839
141857
130670
476402
251843
169147
456575
373894
902147
526994
915292
135309
559659
953401
848523
891211
156744
103854
951687
942414
861420
500952
360913
172283
43871
190639
669293
571524
904034
961018
721216
516149
776544
73140
901508
839982
546996
732680
413477
211307
300113
737724
773115
132287
600978
336490
138853
194144
617311
477352
727678
891163
545080
661833
412991
444264
965921
717053
52017
882776
45098
600019
461005
854251
486106
121439
42609
194750
230904
806583
184065
640993
218101
983703
98008
537735
706425
368100
573226
262038
48328
571214
806520
465823
641361
456334
647982
256551
288787
391695
253980
967844
532077
193577
399887
184771
561024
325128
657164
685990
843458
815723
619624
258987
246946
370888
607175
883367
812307
117069
853487
132979
957368
471426
463944
722460
311146
179275
738290
822910
577385
866633
873923
270443
243548
694879
543836
667716
270534
97489
114022
345002
136136
533513
654446
51983
631565
900404
229723
764646
125909
361417
971592
126841
223393
46954
427842
875352
337144
945443
850911
51823
45141
520847
995833
860785
71470
214873
434886
207089
485152
170976
462933
705359
24316
934516
733415
487183
905640
112573
141800
597957
804531
825980
141129
971308
490233
273320
335803
274711
268463
870330
307081
203071
957964
541253
805970
386426
819157
900412
501474
714189
251651
899096
464493
675672
781266
622417
266535
622000
889320
974985
240898
782346
635232
718280
547525
899538
583987
752034
776390
60891
841283
664437
41668
533169
370243
536911
69027
69643
323717
210476
869444
89565
713825
945180
401793
698121
182911
444355
917634
818805
824450
240059
186687
696
940753
115156
109714
173869
598083
200379
655991
942570
57703
186744
447524
384075
254829
493649
558079
460455
708276
685132
735296
691237
637232
296082
277861
294311
894263
164271
567180
446819
643881
948534
11824
696531
675450
98562
478722
646595
616734
940823
731171
684104
540687
575270
503228
580879
834238
392687
409083
72659
793236
981761
232810
939816
828771
826269
245741
315125
839342
224505
945752
607295
509137
435168
815659
50015
9038
644022
145835
681366
491574
295385
48350
847671
612593
271396
769442
789122
789482
489805
429162
488081
153689
18478
861910
24364
774702
23329
267758
643319
747351
180868
457980
911243
580270
996700
929795
416993
969538
905429
173215
693418
387521
273959
352762
597437
518975
137621
217704
762856
317285
323919
231329
213031
433976
352120
378200
614323
944581
845634
65916
534705
747751
193268
906058
280459
792436
611085
264653
685468
541322
638019
132212
985029
832753
455012
568270
791197
55853
370974
313380
970565
934115
451610
453810
970265
628517
663426
793796
868418
477148
774115
112170
928424
141585
124398
625751
768389
577240
155481
997084
324053
534937
697571
180476
199785
439804
94836
631979
232155
662385
91618
643624
242652
194009
845648
289460
841257
783316
993137
257070
737052
113896
865386
779020
944863
123594
792086
554680
371579
74445
322659
86148
249742
101348
448857
634188
137499
294293
141755
497831
528316
498749
825222
570569
600562
87802
470422
968952
327645
631032
19880
658153
143431
703899
129786
79031
319962
327750
764303
909311
508146
641286
3471
613594
773197
697823
832074
489784
89823
949360
380765
978645
275523
571205
980653
527643
270987
905209
684880
684885
713912
515910
638028
47946
39941
250667
361719
48318
994462
676409
275133
179777
323310
532025
335040
788978
526870
312701
469338
277268
601913
55042
901374
142666
848116
162495
770492
373810
332651
811020
691555
502364
865598
932146
126400
684774
761499
981195
778565
169909
123181
183702
330566
118930
727347
227929
280412
459358
405227
331123
200236
732211
787500
11581
826690
744793
833363
472924
643222
874594
450069
335079
714993
997923
845108
770351
584233
639823
705101
309871
628232
88241
951822
513489
320779
180038
293316
68315
226758
218228
971474
921268
886373
126379
971902
552023
267597
467031
237029
952339
321760
691967
436111
543676
553312
113853
995741
628402
310827
317658
888095
955403
605284
618245
270402
909792
756850
530480
821798
466609
343970
19016
909070
996150
965096
155407
953841
538051
603587
455255
332717
908182
510270
17373
803419
673792
15762
191807
745213
444846
681385
600923
898068
919892
752061
307206
479503
12597
161119
285158
281757
813009
765588
420525
423395
114155
370330
485106
78857
750517
505032
18029
184239
320794
501651
262671
13822
514152
445997
58300
426457
582233
901127
877414
525233
588220
168375
644039
167735
464389
16565
995771
967469
707437
562816
722487
171862
53255
686238
51050
480588
122145
634944
72686
393520
320339
838851
361515
429179
569255
33235
518409
916019
847460
641130
822159
400890
304057
657142
821341
818369
434755
902553
294402
31577
748283
188042
380219
660522
225855
602585
885961
2812
637883
288399
400621
521523
550836
811443
128643
862104
133745
209130
803257
126225
798534
134198
414698
383795
869950
178591
242971
994478
452068
591471
760272
136103
553326
998870
727628
201827
479879
250094
118628
936542
390008
96985
519039
603900
32306
234951
680557
795415
633402
446996
811232
413047
668209
668814
744075
370847
687551
822164
420885
620548
87836
429849
555258
28633
499963
898824
528383
273477
929811
157634
147791
888822
235466
703619
460023
568591
942720
254754
44923
815933
745654
499575
982867
772327
541338
124887
598085
822980
305584
70650
781024
808006
431774
164030
184466
850932
632212
25860
770023
20181
821142
736568
20254
852104
575271
469679
617002
35569
545236
661673
151490
586190
950234
588213
969445
82535
952884
129588
807534
231716
993478
483893
793039
842616
132127
17600
509229
660155
254318
492142
769880
25686
588293
805173
722341
666967
834242
668866
465834
632997
806303
199423
207958
546829
244888
63284
706346
488698
484917
265
407448
915396
369907
772842
943670
552287
448723
246083
917855
878708
789246
302443
720167
391245
200659
123869
2616
874729
481039
778784
418702
244591
806232
769289
326539
287744
323942
532375
58103
865573
718862
856508
906136
174311
442541
227771
164778
353086
2093
877996
363260
858593
192951
676637
283239
502588
767541
617683
395371
192320
748546
677486
36263
511764
873329
208426
986421
551785
503671
877953
188320
3755
121334
224942
149187
644691
768102
85901
555967
904601
84386
96671
362136
308999
731661
648937
207789
488873
463903
896955
291730
311649
443600
905038
856267
626710
314271
30791
975848
809101
979711
775512
599416
293264
768863
558470
546027
273226
507284
318597
947400
149173
19174
612223
410055
583658
282228
38515
675084
148119
296772
596090
375040
223119
391659
477222
580430
667708
96981
127235
392119
176623
347634
133887
348179
646424
620670
280934
473189
777873
599979
161733
404377
607636
279276
190640
5276
988045
479136
213216
404504
302987
61657
494196
358603
59856
552585
600728
361411
676295
515273
428227
284728
777365
586373
68762
865733
950920
564934
484594
72837
827308
319005
163763
23046
575292
489961
434647
957677
240694
417286
708306
652646
721159
74194
486476
316613
269862
189597
71305
29822
472893
289644
107498
938173
444865
206698
634829
665891
245794
496748
414671
162591
223006
944159
107761
667876
25329
706513
361944
757324
307175
652376
121966
389961
531473
837091
690343
637571
406998
258395
475294
290516
18081
198901
264669
503580
900152
248087
803708
912641
394925
169572
475872
122374
152813
331110
320357
549319
896117
642583
947798
842638
871845
855180
931225
920022
73837
835135
598504
669018
282595
365815
623161
957016
159479
115222
17984
15271
757502
251327
553354
555890
967082
176481
542346
827152
676059
666021
240177
579713
151374
205616
948662
444552
345779
181653
970165
709024
826653
716442
268660
501084
670483
399589
819136
187934
375235
668164
625078
788851
551766
236118
719581
679178
744287
541400
371377
556687
149357
467856
151163
216553
707839
401295
624731
715788
799895
264231
959400
527099
317095
183530
462062
859614
339944
727642
232022
598011
321354
599538
177379
975316
12742
883344
540824
997406
338639
21885
673336
467545
785830
841819
979173
600336
37709
963306
292586
952495
532371
468022
632404
447036
945358
237921
113019
719860
256551
101192
814686
51011
506447
910741
511852
176542
877456
173281
899615
697345
855678
603651
899843
140224
383948
45882
769813
114380
802106
97395
227718
199109
626668
349943
847711
540342
922583
716339
354814
447985
561876
643749
579454
712776
155863
282721
507061
667749
531257
130366
773654
617479
862448
575839
655479
975962
542625
759393
778606
722865
512140
754526
11604
429218
13030
251932
461483
561534
155460
16918
719964
244907
106611
994852
134745
818848
334052
994057
433057
197693
88708
154713
834529
966853
722218
830725
795000
283129
464170
664773
242387
796242
802759
534688
614199
978842
102341
613467
571486
682599
80987
215100
217016
568885
958791
539705
963154
800351
609148
438722
103828
846778
401399
845736
321445
514062
364719
776872
758569
860466
54187
633176
795754
616771
283245
734253
404628
170176
956172
999911
972378
764741
644127
434969
548983
860450
400021
858969
411727
895512
73890
429376
828852
11951
374740
576030
95300
504567
841284
542141
396271
975577
282279
903120
888854
469528
804292
409529
446351
704106
865664
784756
145925
745709
62101
28515
888188
795144
249633
199030
136243
799327
425115
616694
3682
449522
760736
844783
386019
728019
282795
593912
710509
36482
388772
346720
79163
446247
14287
616567
851339
661418
728229
580406
782658
498994
280640
944908
145580
740473
356719
646086
545122
864265
236074
857753
466948
862997
906911
28623
171174
830262
355114
779980
571336
658433
613860
983612
742844
187457
234066
150812
673452
821846
571455
773793
485620
390377
314980
5832
312811
871498
354691
935163
697343
561129
548947
504221
78142
712366
268629
879283
927729
226293
306629
884782
604387
842025
994796
360473
45631
886524
620882
561115
475287
591808
489297
359594
423809
626469
668357
468941
847836
359824
132768
832139
912560
268948
431258
221365
578164
888527
975685
902349
400617
806948
742206
377362
993251
579280
718207
112809
13159
362795
683538
532777
499632
733629
856288
910979
200396
464123
118888
719373
67875
319325
439179
699753
606296
194205
434243
243222
88904
223629
162292
515539
228080
115733
407515
805483
578347
21960
220323
810594
795416
233123
570390
126714
899930
219809
626993
717154
637945
695486
682064
961980
167654
792582
848456
702025
968155
619096
596883
642228
960993
866556
351334
506296
67499
450206
183391
446894
419296
274087
162458
502519
932534
701559
675811
838594
157113
372417
756869
640186
262060
928514
425281
41615
244998
912287
762331
29152
316061
344538
188366
35010
744225
363504
569311
883376
225150
433491
672334
475919
431781
517759
187113
576796
945509
512827
19516
30452
490035
127534
512163
236735
381896
241244
327168
133306
239145
815931
840135
440672
228098
847734
610678
818997
957100
799933
580962
929647
106574
444935
413293
870849
677215
763173
98388
418693
862857
942212
107877
214981
66729
617535
933901
951909
574771
951647
668815
142257
719795
22896
913745
796415
579310
314369
72337
747073
560807
439
240117
230633
752637
37262
688575
516537
759602
160878
372063
672038
137606
498278
306466
679592
529409
329351
739977
94369
447504
957471
920756
555495
392647
81169
815677
193136
61765
156430
291426
712921
715957
855410
574682
871571
294321
212861
475400
433322
587777
774700
410125
944627
402112
596595
825400
479506
934751
96922
799577
399909
318211
642609
514675
356177
873930
356337
338895
448679
289451
568177
2477
227250
178363
189249
53270
28447
747916
235623
54989
586697
630384
302452
255779
568545
129563
11713
281322
254263
589670
735051
143809
474407
142128
706281
790734
873186
861279
893990
913547
897496
419140
116799
139831
653759
977565
239034
258924
342019
925172
720160
217232
568586
372708
551642
667365
320739
264123
365540
806780
896906
138875
409328
966919
243482
292475
787673
796939
889616
24555
38850
480820
631799
127157
625931
210370
135990
414270
674735
104226
718514
167499
838333
24791
146785
11521
183089
809367
263916
77893
165039
154482
562944
31554
614747
745453
667058
167112
366231
682349
39372
227601
578266
149135
570425
912800
839146
728277
800264
78915
327990
322682
200736
129719
254098
819942
300481
737322
78735
113021
867826
127323
137974
447057
113741
985117
602977
700856
689571
584827
457399
40441
462669
953590
126082
982048
489680
528746
278191
519025
616812
869007
331617
952441
494786
936922
626610
274495
156639
770947
788039
688602
447081
854690
954446
19804
768868
115507
222103
576236
807906
105528
165772
715506
749637
224830
612622
117547
881906
287159
332142
601756
504276
962182
902277
645347
534474
325466
972465
100712
216238
987570
918700
325555
715843
321726
246474
614616
709242
999142
205007
625741
874977
558308
935594
206364
240937
562636
433298
470003
128850
107244
221180
293721
739573
755342
344566
386555
988782
706138
530787
805284
677603
746008
573267
77004
306230
621012
693247
961223
20035
663066
484702
369054
619158
977057
756774
500411
34732
990724
703330
763517
248036
274987
896940
442156
480323
439368
436616
301126
552288
760509
454749
718776
82290
952603
762769
432104
854516
354118
142783
546095
420850
826868
925592
787428
268532
325716
2835
890516
768900
627723
752850
180621
241372
493401
79123
910937
527217
729243
4431
995081
113238
894057
489587
486375
829135
617823
480696
654541
887539
820217
930081
834067
433788
40088
499920
539555
989103
49313
773446
869417
822178
676037
179062
858727
147567
226715
195972
260069
427892
975016
557599
728709
155523
222465
542455
768693
174381
294600
590493
61693
120294
304146
846135
677624
855125
234921
429212
749791
427835
480045
770770
392513
610685
745109
7969
936527
180431
335059
781139
83
140863
428182
81035
608001
554651
349289
304192
600102
583617
74808
438804
600765
710337
525875
107221
597153
534064
527243
352655
750812
455180
552794
262155
283549
885127
858463
740201
448136
923826
323238
937941
686440
8263
692678
240937
26560
607635
389380
50335
211839
602494
238550
831281
783825
603256
705794
491407
379666
585922
432931
329660
914973
175958
310285
609350
41411
541621
827848
179360
930711
357771
10809
776350
621542
33920
560223
844875
674693
973213
587448
690282
257922
497497
76036
636040
919804
318592
275041
671546
417679
396031
12373
418425
570919
8910
815787
818646
208054
80378
925620
726235
650880
326734
397998
270208
618771
175901
383107
814215
282645
362351
698728
897589
760566
350086
525798
880493
803524
277771
201654
2922
464668
509018
684996
637720
263614
583655
306390
690256
653882
447179
826118
651759
93703
675567
338475
701649
282931
558867
314966
763503
963700
590012
611960
37458
654620
731576
723873
279603
87211
670607
543523
572786
614334
341512
135509
955630
295846
288085
237491
890503
907924
71772
812579
57838
750320
121954
375250
558437
91080
348054
768893
59480
709669
409912
21900
626328
18810
955300
467416
453744
658102
700287
35406
253606
147384
263869
857451
596112
998690
920588
84199
819471
568966
772704
867502
496813
37310
116636
481545
371343
924376
314138
547292
683286
133421
194199
540360
72280
226131
105726
203760
61622
182184
981391
870041
534554
634831
956268
755755
568720
897911
705280
99348
688893
499863
342732
512204
213376
383926
440143
932083
135267
661926
92434
770838
925117
683921
945165
758672
660136
75371
161209
221325
426587
203079
381811
578730
193187
908806
781002
902968
319939
511209
346661
181280
75364
782664
647828
882656
528762
679964
852721
46643
121334
62134
878258
995535
365729
239123
53775
166920
941276
129222
795594
45842
757873
825301
337824
138724
392533
257185
847370
838135
156732
525052
381872
829037
102041
940575
145131
168975
461873
309747
480757
613103
305435
673357
5936
63468
788502
622327
939279
220820
178823
549865
920613
940324
865229
501719
227528
81962
651075
100196
478305
84747
857105
249524
154132
207329
997551
338975
110726
872956
296440
997697
190991
117322
605990
97454
578430
723409
829296
529091
50115
199960
583101
690199
678205
675750
886723
470801
250145
863330
74625
210963
49475
145945
52885
289236
502020
619039
479611
435020
737305
782092
581346
789064
701236
750632
836268
315357
595089
985121
556867
795833
549662
50168
602451
764309
337159
372796
575335
101830
716510
812015
657315
65203
615652
202437
668700
41313
684406
381834
901391
140906
974359
794339
462533
809549
358742
126060
916865
751071
933788
596353
725666
177118
428692
180761
553372
626405
737783
32524
533325
118844
41651
244277
648255
185799
491319
869426
231289
958495
955806
334344
255298
617470
140149
41124
415347
225492
328043
837564
770039
77558
478356
449748
606371
431926
400793
311325
691564
112653
862912
301623
38089
601717
985044
192023
118118
67476
585841
107204
849473
606610
828334
942652
841381
599691
308903
213939
472001
368480
224421
178939
539621
532136
67693
981631
874328
369540
642722
528105
720408
204049
669527
312164
848495
898678
174709
776443
107758
710812
111109
641696
286473
970814
533147
938249
989390
217942
84256
869045
202308
674999
640506
222093
41820
137273
8410
566117
624790
786190
285025
618849
773043
39603
981296
304948
86354
799619
846283
197444
845930
121893
690920
120426
899107
588902
201178
490901
249233
253025
533461
772238
705870
306843
405917
153110
312690
947243
23632
384747
380657
779542
845708
35498
766482
783289
125374
294670
32968
555423
382280
982614
647151
970355
195662
294789
218404
933391
759710
141891
733185
534130
507833
352545
939316
874001
387202
706042
131771
553028
699906
775092
325118
535713
766998
586278
131208
504806
695542
518676
98915
903375
99042
655765
427728
180360
109547
355990
717216
6205
384731
559607
991922
607053
640322
130578
956873
583580
118942
214237
93321
260231
886630
538533
977743
912371
542323
821050
141738
201534
445131
960234
643513
676951
735756
246757
222049
294442
74098
264576
801003
894707
832645
88213
329721
225204
794722
190407
518691
393090
262563
981411
973875
910777
593582
759714
546424
43407
979095
113355
491851
383366
920755
655413
483868
454395
772922
868074
29623
639452
898776
364455
567385
376823
844112
216769
366057
980077
610253
756897
226965
589765
59847
786608
909002
959388
808270
166925
337231
772411
273718
501115
889023
478593
676768
492696
769953
471551
1952
903752
47910
298082
329616
506865
625342
3851
780081
259678
3671
689083
14136
783879
317235
890602
516029
454184
735588
193846
942204
807949
709287
9593
549445
609583
57051
90099
746886
927032
549276
377254
244339
297763
105088
398849
252303
713535
846701
395892
911706
473938
446805
668130
313175
66010
559248
870325
577593
263343
528853
160971
968041
397636
702036
499277
42935
398348
725170
588961
631130
121209
664865
834741
969125
683679
871067
695292
718665
611448
79164
655222
7873
387712
920250
48999
351454
426881
492866
622633
235887
37161
533807
752733
349196
497302
625769
510845
237311
539636
894552
205517
605328
903550
826500
481968
641708
384864
843275
529047
727729
857725
307965
933780
511193
82060
725976
530509
181632
463517
544603
520460
782035
652922
226057
465394
242071
300457
389948
325771
225683
522573
705762
843389
95004
381867
629721
737947
643899
190539
306915
533079
575484
656245
779078
307923
880790
134938
65987
207192
671538
752661
446512
373024
732954
617478
54452
433229
712767
283038
245727
360701
439398
905082
616292
907317
241009
177510
617267
902586
285062
362114
619063
137022
279326
976962
603753
905400
301548
616463
268175
831756
369639
744267
797333
100138
392310
129329
607430
520819
971704
427291
749927
406741
253933
906206
564592
886647
594948
799312
353704
651600
704641
539306
852764
910803
87562
350600
775547
372292
912975
681037
549457
155054
174996
535011
795166
254253
533533
140320
363091
222630
557301
408260
724968
988439
214234
15263
25948
854537
104456
866575
58826
824930
349408
490983
797669
259415
194421
653484
185040
10430
273716
628985
58013
150785
233389
361730
432543
288687
685058
420405
215789
137516
439467
706748
374838
35209
333923
941407
538492
402670
999346
275719
156143
126580
956568
478366
869735
341519
376595
729361
145148
869225
574605
761271
642117
801354
186982
458507
608300
346546
21273
301909
331755
217801
235661
299368
913381
476205
981242
710852
88355
328171
647478
183259
994601
117962
980764
103217
828405
404608
933399
386908
685203
860808
505616
507499
479840
448331
650162
117347
636441
573819
51926
99813
552286
142335
248656
725995
315913
729416
322517
457329
30373
305091
860552
579632
452685
991847
625055
480965
919203
794926
999414
619761
551849
476768
805936
477817
435327
991498
587974
661550
639097
789646
171950
407751
773148
947796
584168
217962
648566
630558
770599
941962
318871
340794
457051
613929
715760
868752
766743
964223
856518
383963
258852
12915
978706
462773
49697
755398
374072
201546
789909
139023
852834
197102
656915
168160
904249
718539
671945
818120
37312
707123
637989
250034
724940
700564
373219
509483
354020
710409
519864
995009
68273
284173
352532
979206
64737
513034
49432
531060
106655
12176
344404
281131
269991
614689
453499
872853
543880
600104
834022
881770
534842
408586
729537
184463
978265
617110
194710
197658
155454
755670
110772
638192
42424
399495
850107
25552
888684
569828
44231
141992
226054
278686
692343
344997
291483
3049
382873
668552
625693
485744
223732
667571
372410
714473
41713
934276
379089
370178
490982
575192
324817
704314
37568
727281
837232
650637
365837
653042
395717
626504
21988
321799
769668
32314
197617
704993
583827
643211
818977
174623
453197
183206
426342
858376
946002
665874
81319
792629
203912
863647
119432
28812
306803
808827
928145
658726
464429
231396
723261
254098
954754
4727
244577
821939
62314
266472
780343
196868
660195
642763
583495
525884
288747
614286
266929
590285
252887
242121
676313
247942
744851
409198
12143
968920
7927
648667
133018
314933
279554
957967
714368
421460
73525
167928
972532
408018
63822
735082
452669
858226
920416
60844
348415
225733
42635
363821
828937
927973
62494
291732
922426
157275
528261
40181
219792
212320
675312
41439
729359
603073
630723
583890
522122
894491
398771
172494
876304
129350
283140
635654
662518
839886
29468
262963
837054
806109
673282
196038
843489
397300
923193
128629
621886
678360
199731
32055
52639
923081
723252
440330
30884
220717
318340
371505
704782
597196
390544
557052
679722
381620
713374
984319
376407
262653
820331
25445
499958
101543
367396
469405
27758
317023
648701
797106
374297
832929
653744
436664
929615
722551
53141
468450
639757
939167
607578
465521
229121
895306
183520
673287
940980
955393
398771
293850
937492
663203
371811
869699
956573
428169
78403
551542
990308
449418
378750
518412
192320
410458
247953
921212
357205
4685
452008
652009
938942
662650
920985
39445
712598
781562
253239
814579
549476
132432
924500
845529
244449
999842
290583
48020
460838
23973
1461
99926
536438
221080
315599
675274
671398
405095
262120
39304
100069
485935
549826
512420
708332
423457
953044
342241
681731
829120
138537
557251
392876
415044
87447
976578
738288
181985
37403
791898
34437
648737
668366
342656
442393
262638
871302
657903
749694
793004
23436
773983
997810
731523
626485
471703
599561
832826
210143
517850
457657
654910
1610
383293
805442
852291
555216
863320
95544
94082
490242
793627
238447
477920
946337
257720
244033
263919
72566
149822
571134
875597
145678
512838
940785
563434
206486
214918
185547
755176
390735
710466
90607
20315
342381
162851
88473
319343
124370
640032
278443
306793
584290
852313
612630
417862
42242
170562
527073
820991
539890
693436
291481
995886
532868
942271
492054
510218
888825
251444
97637
536207
478327
975392
52375
56249
936040
271034
295653
557230
417841
340573
356862
184507
221581
269528
655024
904247
508806
831907
617326
848208
375277
634692
304371
78530
759376
217428
7687
382833
416934
541259
68818
34411
57397
748774
60156
990285
662597
221339
616675
279682
12179
105509
581980
577624
991134
18223
736342
256256
913886
739804
891103
239778
692884
875953
283585
867803
204861
661664
125060
40852
672224
833778
667607
975296
425607
19023
966473
911281
580938
39277
996914
641688
521222
438291
649903
422935
851565
762313
976265
984197
437367
290398
384183
718589
475959
960534
452986
304099
609800
934638
172838
400629
261158
517068
944705
483465
659545
291592
807236
485545
126859
111569
737662
956551
760059
970749
98776
645343
211466
340849
753203
200680
101235
863849
593197
398902
119960
114725
348867
705903
665335
41777
836113
642791
165371
459599
43252
631771
575343
243330
911568
88775
43405
160634
271469
168292
931381
648599
55356
885314
148729
61723
714424
661501
640981
525105
789736
235295
357628
174356
619201
697298
706189
340830
993383
803328
48804
918766
708692
560393
252173
729524
611666
114400
360468
833436
163810
798274
299064
824468
475519
437460
493822
895548
799484
814937
991137
738857
39242
39565
728487
790934
360790
264864
717134
579368
675279
221266
270246
625436
234053
719463
347896
86416
622253
272456
222756
275883
548161
986742
885705
466153
18884
3435
934876
660806
341091
797519
542427
91526
488631
428180
135324
904415
604071
412078
385983
287557
388651
806770
549122
894160
21035
278922
667763
351819
508293
879251
126592
681243
546926
649939
218410
329418
127024
521690
483416
589231
292945
788084
137352
220476
96724
474823
196768
544548
105625
610896
297763
620838
802591
28084
732031
239227
589930
218502
538691
145624
728064
17364
758317
168864
420045
723566
635745
713258
432614
201461
624310
267946
267882
494619
258603
921214
778245
326204
105079
29655
255630
850840
338942
41538
865232
686189
598047
467346
16038
872365
665514
115564
313535
333601
823279
185967
568642
874650
381298
245118
404875
600911
113786
27243
448274
999384
825097
108993
219565
522950
247333
846830
678572
321756
530261
483083
445986
55470
732072
825226
265859
251989
531182
624635
158825
60109
411018
370555
848113
783403
487327
150457
973122
942205
527080
574310
143213
253184
278948
278521
944496
767416
913582
929564
112405
988400
233130
385846
212344
583182
116828
74710
763557
889106
377042
774840
462303
255211
416450
290231
768958
573366
445038
134032
157680
85204
68611
137999
570784
378854
796418
948889
84531
945640
670293
329365
948271
504359
751939
182903
646582
569376
694783
171881
602480
293367
178011
803416
580552
751056
464538
158489
359885
615310
370594
294583
227960
509158
66384
474011
65101
140255
658982
639318
915482
79848
402528
990477
401500
181333
662756
141057
747969
536440
34263
357369
921545
577240
361356
397135
330310
771921
858263
8661
147586
610248
350208
971362
64127
600200
663507
152188
410329
253182
944596
666595
582216
469709
54097
82104
990338
265039
864975
200841
391229
833833
678054
366970
344914
695626
356841
731920
55101
292032
95485
812637
635265
529847
601099
303940
366056
77646
710288
802344
985000
730967
182865
87797
655202
280491
872940
499146
711363
233768
966922
73666
854157
95945
981745
471710
102896
689184
825078
946896
492690
162162
827343
475495
316078
672431
648007
142098
33176
366348
16970
289362
680478
849983
395808
46464
744331
934422
67063
756920
326405
985333
172376
17825
66902
386090
569148
219994
281543
738607
978872
892803
185192
812219
19
905701
479661
354373
158968
119935
489715
402198
94471
683310
47968
855497
233349
35128
42663
367202
802164
54389
378859
399497
919294
642714
448635
644578
957323
558243
269820
608138
386546
896605
108260
788015
823563
346765
291938
520844
51363
759936
246236
350976
772105
609776
768720
901898
330885
724816
443804
538659
577128
476661
1369
468664
470399
71776
916833
19139
667873
522796
721009
932741
900968
636944
646698
896738
473148
333522
700722
442904
806282
512329
177655
629533
15892
558733
803731
315029
245219
259965
40139
324909
751895
620716
838450
705943
354079
617321
712875
205090
409731
343017
260748
894517
554206
101203
501725
186600
166442
7976
327167
660990
118580
955213
233769
454787
943982
991863
415694
958078
292451
924082
645659
795476
544389
844046
695068
572409
109986
134182
687678
864083
558901
730126
840111
742765
675993
137048
428322
469780
358936
798147
855982
73234
108066
962690
898966
113284
460889
859364
805027
984986
317065
434340
281390
224747
892405
165455
300154
763507
81165
114190
403645
536234
480763
413711
90047
703297
330652
700052
838812
195900
897164
783512
124068
531815
578970
935641
306465
889398
350491
46023
199928
181053
395674
606919
267176
4744
366317
559844
992304
31000
347362
910419
827469
565435
567577
994785
484385
698694
108651
564987
203823
483250
806216
161817
740611
165905
193375
516873
945135
66923
791606
612308
44143
207417
439257
971407
47150
873981
234159
35967
356898
798652
737576
22377
806546
132506
380178
981110
536887
555920
752971
700480
384896
337035
486097
467900
791152
885604
692917
467012
308259
138360
848686
513791
507950
432740
828170
984879
752355
949535
675647
559126
236340
829812
114592
190854
489071
588954
341355
590020
708775
377714
394815
754520
313523
90780
542379
573748
40400
972213
99873
926654
134882
153009
450505
566524
809431
636050
847538
129627
46124
206019
730339
789532
338889
688723
26192
651804
723976
643857
500712
897022
350292
499456
918475
137911
987371
616503
509337
662581
317125
136920
417446
806573
756623
141930
860297
439808
211792
296790
737171
479753
157549
594235
329309
567493
122503
319150
726459
323808
339138
720529
465677
137432
352737
675214
353779
185872
845645
110897
821856
147699
979573
633120
858504
178627
357199
845239
535795
443965
380028
854148
443763
765867
648649
221212
413810
861446
793617
802264
694565
514309
784961
133616
887645
288390
998068
653041
750524
401240
527036
264734
65348
81699
334018
549729
959051
794741
402821
385452
480715
181993
413630
939121
53014
941366
402340
620858
915430
397393
646347
297253
327442
461312
368808
566784
467101
385661
322735
626621
793065
357570
457757
426514
441737
379639
264658
961904
416372
959414
50710
243165
666005
741495
656892
575856
473086
181405
442212
118697
659709
136732
451226
226602
646279
746693
142235
690966
677393
735279
162744
76165
700670
651140
240404
214753
193331
179749
300295
844512
648390
112059
630373
342302
713620
939803
381465
421142
634481
834389
776874
287228
98554
697114
118944
447866
307719
773895
993535
312134
7485
631058
909170
420253
64256
512848
585476
157214
530181
952672
474119
293957
594053
893688
102999
241474
780877
887370
50296
456821
653811
486034
239644
913609
580579
843711
577154
415402
596183
502779
974840
947044
308901
97753
748673
605978
805362
403610
814801
615263
129796
715548
489461
127220
816693
661792
208079
951263
740036
506230
2879
720356
801414
779719
287390
705123
352122
87039
791460
616013
590073
634389
89257
510276
727052
656440
810696
960975
104216
335063
587488
382326
689396
27341
194996
109376
266651
234856
973682
53831
394941
235925
336337
455605
629104
382121
827411
892509
645252
351182
97578
125368
439923
765448
508791
461946
704055
566499
570733
983760
613558
206459
34260
51129
403353
88999
464042
238206
895930
470595
979364
219535
91003
956121
560658
818108
738228
901356
454432
54732
496452
650464
579576
471038
271369
411017
768645
550362
696746
89806
742035
559474
830865
834170
728786
538682
623990
206623
801530
559169
964823
459367
917320
123979
976708
900472
449766
33293
322326
172419
231976
456069
652288
418282
759283
354675
716413
415115
261496
982647
769961
198830
652318
885000
534316
931975
100094
798286
349457
163239
838728
455710
69748
361990
422530
860175
494938
303525
830257
43773
801051
175011
432912
506522
689402
295326
495293
556908
102229
393028
257203
190311
486775
470453
232818
852199
311755
849366
518459
336457
993068
117109
170103
280615
444823
601108
815608
973167
525826
587924
918807
191328
679622
769600
758971
799968
705143
151730
996923
956092
137428
332646
255195
571836
739418
194777
172211
336738
538931
776989
985902
335104
430668
892284
430765
70259
82756
180614
467467
800447
857535
833722
146300
322568
146715
33165
552142
726571
287930
470489
113170
762487
419390
456421
411348
313867
844436
833165
330053
716109
516134
677390
951098
513220
296756
181232
814157
828819
449597
587536
109409
787667
275863
173513
981572
445644
218014
994943
968685
597519
960137
997512
802020
382642
373656
693302
617665
640361
996778
142213
53452
973117
152235
682910
630787
790060
74986
303238
830331
346334
116936
658470
346782
528383
432716
986039
790931
326973
781716
906441
177723
56608
998822
785649
260310
48256
948965
698701
303622
173032
53535
614261
335020
865030
708995
251584
619119
942539
502832
293104
890011
619429
987944
446715
987237
8022
882467
179127
795405
606321
542528
878753
489756
840625
728982
505353
364749
558902
293417
295134
439368
301533
192953
649234
4873
259962
994676
208425
938079
743989
705227
480228
776401
805886
440865
799236
703387
793902
413536
525821
285782
433660
482086
152249
509749
761176
547485
51205
159019
174759
833449
781020
548011
952348
870394
461262
149447
120687
879553
642829
728698
580797
126014
979732
426433
618364
484600
770805
477347
207449
966086
737021
229714
493552
668811
668165
736490
231527
99391
29528
201110
819432
39591
660156
632338
145401
198631
298399
15306
459449
31790
658655
677665
419577
286479
223030
985295
997236
962544
682561
216162
729901
943067
620011
489445
649444
551474
788922
186526
433140
603199
58230
989424
236556
274921
821105
528865
687752
559683
331704
270582
652779
7935
431381
855803
899387
694528
302333
203103
124473
703117
697629
410747
422908
41953
326332
915251
975465
733023
836684
464373
929105
779426
300563
601951
103655
428403
71857
627261
851228
608276
955533
136944
563801
243641
666976
357354
709080
195414
321885
752021
69472
169491
975740
351251
295195
479837
783650
663968
826389
31894
198895
824596
15379
91628
909219
675845
67086
369287
124397
598858
121739
670364
110034
944602
606296
653727
916919
318418
606053
956757
693963
238357
70268
154119
697747
804174
840734
804627
798739
713361
909564
670748
899222
229215
67983
394529
769755
371144
603412
382635
967260
425131
768999
402464
80251
106905
99899
779637
647756
834328
171060
411457
925241
586051
185057
390700
930774
311311
719193
1478
180930
346856
813233
687284
604662
396985
497175
476357
56237
740299
547150
876834
204336
500677
847686
780644
931901
354449
18007
997184
297619
190751
269850
220445
217117
827715
677220
792711
199736
499514
222368
767099
536675
56138
504136
54242
647106
749895
279360
590043
537167
114545
216015
555889
167198
487099
208314
579244
743883
3239
706687
820739
570946
411980
250859
742383
105450
554490
352408
27610
834095
528628
621255
79286
313514
643036
928661
923371
997424
515052
612317
780520
340788
379744
784299
380059
706265
274098
488600
499387
59224
515069
218311
685954
622027
802819
300666
719417
77780
355210
465618
201259
700844
870369
946273
352571
253516
641152
936110
62226
254001
560269
17348
651824
405264
752699
384567
474916
42902
142413
245364
270870
649114
59257
812420
410690
156642
676839
19165
208255
1039
528856
194789
41533
614630
356196
680836
954510
645179
871387
370916
62107
969340
32205
277320
577463
322839
963302
195846
312400
849417
66673
1506
18305
462660
752125
5897
618117
193597
627293
799655
243655
141199
557384
135333
512277
134095
170593
757250
791730
697389
513426
970637
124362
703683
113745
207164
801536
999677
969861
423661
422052
520806
703745
851766
535232
438795
577710
372138
707217
456909
402632
716075
976147
509769
982655
426599
959157
519004
851709
596785
289324
966549
82183
432892
68772
253179
100285
129462
852304
62519
465787
331967
792482
510880
102754
114372
822487
922145
371761
758716
530730
297097
971852
862335
796904
220463
592799
317502
783971
171712
433628
386659
890944
422119
567392
353478
567468
154135
726067
927752
559083
566638
519760
835729
958251
518839
927008
599945
490108
519656
770387
940626
759459
129039
682421
584010
787191
914574
913151
69091
108592
596001
433901
952242
761559
445439
169918
502822
845452
64154
190472
701717
190964
190401
282293
492786
860349
366821
470430
468059
416591
783033
383170
41039
312272
156914
138146
354109
334100
47854
295229
246711
432160
242737
174371
220421
167449
854346
688760
67222
139854
421716
834504
845138
381663
650840
282369
483787
439176
474832
136401
108177
448845
644102
464029
439524
460356
258523
612955
68164
714234
806116
437836
685541
29379
866031
873113
641727
379426
59235
389385
470465
869648
161797
531933
388261
401133
911383
273545
183007
767680
347035
225167
132655
868141
7605
232312
42262
763826
917102
875378
391653
220125
231765
431681
420400
976334
208640
914467
205986
273700
244464
540485
454442
226823
102162
452891
52691
194642
633826
100704
56754
391643
242666
718058
6456
216352
838697
463272
429351
160463
991375
876668
478050
72178
901091
921967
668445
848949
162439
783509
282611
626581
14484
962238
382742
375783
742495
844310
847392
391298
854877
785242
307848
212171
813219
448823
69489
371803
60357
215105
872157
111503
804448
738892
353919
884523
989620
567211
586414
740075
30633
669955
928245
967336
123250
84811
39431
342180
650447
473826
375056
508210
293996
371276
599334
76292
6887
546314
48670
323731
517551
781718
218172
247269
33544
413688
712834
719358
356011
482824
330857
117221
575305
697985
489646
680465
43184
201597
166275
978161
708743
327826
32678
483221
616115
405513
403023
882876
498460
497912
383299
197882
651850
5499
32390
90950
429801
564179
892653
857118
706475
352794
195857
870295
814156
425698
21600
484740
762673
502442
611021
785474
390314
272764
168296
925215
514966
596390
910920
527461
517286
229587
425700
111558
242810
175557
220673
413029
404327
248369
261638
187839
326810
460726
766315
814452
635286
741563
222096
906934
808665
367013
730474
880397
992605
905203
582872
340164
914810
172278
767699
813363
553512
192239
840708
698026
827106
442567
647984
761975
542439
47717
657102
932821
894938
356272
534266
317553
259274
194017
796994
34201
144971
790979
437341
783812
899907
397834
537403
9336
992769
386253
653494
267100
11463
948322
527592
394970
282536
884501
467544
880304
369676
291524
880076
438420
344721
120794
498050
284610
904844
750758
891001
613987
230253
235863
436458
287707
255809
468823
974356
875951
188752
719936
720437
821970
355750
379199
289876
598539
475311
350596
346747
9476
46011
112035
726147
751089
908386
39498
871687
946714
818177
827679
300986
210567
788194
964534
653845
695880
180026
412524
891497
534942
297611
299299
493970
987721
41002
712922
864076
385199
588571
596455
887647
563814
893592
13588
523254
780894
79409
3604
64526
392494
538509
427360
886410
512889
97102
447539
338787
206461
9811
318942
897340
198456
672791
362376
529811
339319
934326
885318
761747
164604
645008
844563
525959
13387
303622
886956
656618
762641
303074
253579
967322
936754
76435
900029
213034
248109
697365
124258
907798
472430
824111
125633
853586
444337
355606
102469
52027
8141
652207
8921
19503
31077
30834
832155
10168
750374
960426
505023
247779
887229
71128
401475
926831
682585
681335
363146
393761
279128
167387
783960
879861
49233
737587
119977
215534
776829
701549
981486
379470
74050
390136
338725
213282
268125
828325
892051
457269
327916
960999
914593
722661
67094
325881
859729
445074
535128
168671
808859
646386
177004
899140
367080
37185
889559
379266
110378
524886
421200
285057
902422
751569
247304
470454
280383
864241
296859
117005
298832
988610
904465
251746
891302
468339
420944
202984
352840
730629
827042
770988
288324
630240
755359
942196
771943
389824
692535
141057
629592
567820
610462
13876
368337
73287
163924
546445
378875
690655
712016
567054
713382
844259
675080
477054
741602
91410
572448
18249
515388
425550
813868
999749
332952
336240
268964
265615
147112
6069
398179
192660
257926
136405
524252
972844
49524
477684
389146
73696
865965
186034
212849
550412
49383
626525
57286
628703
135144
536134
373880
174912
474818
53489
493674
645323
903469
952038
737839
571961
189183
6436
921808
553758
913162
520693
687100
862795
304466
742237
34317
274195
704489
494188
621619
478699
732521
636467
314815
623467
931406
934995
639950
896689
585966
290608
133072
755109
92245
633413
968244
692694
926209
743570
131826
161539
5623
55088
502516
783350
76288
686276
598242
400395
191427
741330
378696
658831
414336
110633
968615
132484
291430
286332
306581
234112
634002
925009
601169
135348
902502
832530
502951
888522
957505
14913
616508
446440
298336
493513
344567
61778
259345
807727
323852
688236
541455
567016
27174
506268
268095
779715
514929
371534
463686
348039
18113
347601
607365
57175
89762
961887
264434
499730
595453
247482
760852
337400
432547
772401
181402
758981
752569
425730
924953
384610
459200
348505
996577
144817
272192
661495
517306
229318
675921
208494
920448
874678
623110
358152
69912
185159
896182
398280
30094
260422
753704
20680
874317
411512
969626
32513
814970
169128
52462
803817
148077
913951
968370
861623
948940
369138
448011
849666
29894
451829
212093
617223
455721
587022
680344
631369
521313
785508
304963
773779
819662
694453
536734
572121
210880
229127
116887
43773
490194
519798
793867
306541
496928
917356
466838
892521
720550
80815
527097
388770
497846
462037
430759
448638
182741
1362
906092
825336
840307
426098
434042
285029
330118
877986
920786
233489
214978
985192
29067
613576
956919
95539
483010
482224
254342
665740
384735
280020
545473
975212
249535
859195
264287
423976
190915
228087
721944
860424
17141
371834
297955
825653
147090
741281
978954
60560
238456
256661
184550
84127
776301
405319
518397
603554
582281
687896
236660
688964
707394
973339
986930
967341
16466
323698
736020
874228
55111
73684
510534
103922
515110
590577
104708
26930
479421
415084
493934
670084
883588
220231
820545
786544
44527
893981
863800
387400
1875
767880
860734
786391
878386
232419
524174
755829
34661
257833
959849
521852
68517
157308
884275
826261
448245
916674
494763
902124
162736
322026
256133
452994
523755
17420
621798
179616
784966
317039
27515
309417
661844
814628
390199
273289
476068
873487
345319
458378
806892
547141
268019
13957
70545
901009
378995
806581
663574
597585
409643
288295
147102
736766
334309
876941
45791
748937
892906
271410
783397
35488
275548
651273
578944
688207
782707
662750
921804
491012
153362
798894
193563
776555
87429
376018
150017
167032
157145
25941
840315
85059
137304
102183
123644
974604
592672
734059
459862
295328
48415
663595
825666
439253
733166
330411
671052
781551
814534
812379
412637
365157
367459
398821
983654
488445
817972
483239
247335
117844
784891
756859
693529
412922
681287
339761
626238
991098
908236
941342
216451
696183
242588
609741
684878
262705
5060
749076
955562
413543
806149
212162
467404
58199
566318
201909
455170
118433
292883
526792
220343
651529
585195
672681
893605
720795
954571
767752
715671
345321
657787
57963
351066
241520
517490
70238
221184
509977
373236
599496
399952
951515
559748
933338
762701
245501
679686
937760
444897
677817
988086
609209
606246
958141
276031
947556
90578
796363
252537
918128
79292
366719
249026
130518
9167
919089
989239
636450
368650
208624
183632
628683
329841
110639
479510
136676
902420
555580
971009
267883
407673
917547
715442
400063
76136
200465
733641
925295
817812
730860
66980
225518
294881
136544
823221
509922
380566
508444
938111
869723
136609
224027
130605
326689
456513
531783
354767
339878
673364
324600
349938
323354
468605
238809
483226
822685
193137
250348
655390
778832
304287
593124
146528
565701
26362
287343
132840
708820
497700
63639
485853
738575
563512
647422
377311
378253
814772
987207
809539
113571
587265
196436
763436
121201
628321
765033
971331
801176
641140
98479
635090
320329
878823
347669
447170
871609
834682
584337
557999
648880
410667
493636
725925
274497
685252
917628
992186
168724
126
766611
964040
20063
392529
218932
145668
306995
183193
866174
108288
38451
240806
319745
236025
605663
86688
562405
296478
666766
51349
841193
199774
915898
742497
662153
277420
260533
390585
228986
672274
635130
283604
370895
762543
725982
617654
916541
864719
161702
462106
622395
779365
18098
272635
695683
607271
820374
463551
458486
415238
192585
972801
519580
275849
953846
719289
421705
422725
432816
872778
123931
978875
8003
346024
771807
964174
96037
724644
48467
662687
581900
876310
92870
669191
259289
750822
343452
868784
25393
603574
946030
152784
387693
960816
761230
945859
783079
835303
232488
734277
2293
452012
888131
565705
480114
151536
44711
767352
9719
72081
604825
158025
291561
24195
40322
137337
540780
971484
616366
621544
20726
786747
642223
259600
591934
183894
620130
988130
592082
221855
780873
88831
624008
961299
64855
213711
798669
277087
469131
260674
740889
906415
455604
841249
510851
305364
493395
293840
214448
946256
445533
840930
199719
965761
620575
579289
487936
231977
145468
4216
402427
102102
600978
785287
882798
954098
320955
694883
653590
446569
551471
409343
543949
64818
74119
116539
758364
73277
732060
689439
553320
626615
387662
797044
939529
214013
658913
990399
701944
502938
213761
794971
607270
367870
695846
115442
128425
155326
464786
893655
185489
455490
646328
704515
286553
902480
593143
836715
790266
231794
692611
525882
770905
562629
277477
260144
465824
147617
473240
234903
903849
364320
179028
944285
517655
373197
194409
391123
278079
54187
201281
502593
609860
849375
271048
675235
739841
735227
386471
400452
607454
370279
148523
160822
813381
868782
422789
961963
449903
259490
261034
833012
370264
86829
821211
894483
913169
137334
73471
973310
615476
740396
718827
132275
59057
25394
149700
350706
431559
572007
917756
310172
985167
408017
892664
452902
215538
526117
469586
178618
302075
711093
615930
211690
465031
618486
79927
843857
985945
26093
719244
372104
361098
627510
817077
806146
507806
505969
466640
3397
771185
977161
663833
808518
201424
260834
760782
48607
886180
540511
358833
536687
844616
68941
39276
108814
295356
614191
119182
233963
805363
679142
266483
217861
402567
27197
513731
156994
432845
217359
751377
685871
574402
91733
854371
524565
804260
435280
74577
509300
539037
502671
371526
137119
197338
498782
150116
740083
670907
658763
79300
281077
176099
415638
679066
754119
214382
970356
610487
139207
39746
325760
136553
688709
990398
268223
704253
584158
996048
775822
376997
216506
249379
906154
298164
706078
526389
806428
877573
470510
754886
523391
806972
326339
631340
500271
26404
914277
970500
682960
287032
893605
740227
725560
18301
373914
246762
446138
913228
860790
507544
492432
717934
313603
910841
899812
761888
645376
456604
99771
188149
503378
534435
452031
174427
164649
655827
240487
213877
272880
846283
792389
588776
578992
163922
503339
802290
641986
248137
140987
919924
108847
285247
504714
166736
844006
883363
281904
469805
109848
798036
748399
540695
106484
433941
834046
860356
192250
76764
9521
745585
31614
996937
417414
491691
454396
453364
54030
470378
61906
221407
108662
579736
237406
955915
935601
358767
860340
155814
575812
363264
467964
714017
833581
712783
535719
813088
201137
785372
500364
299019
166017
457469
494371
692610
145288
991718
346268
642477
623763
134859
634781
953009
172318
793308
499095
235198
921591
268783
311876
568901
53073
114556
305727
843655
510312
936513
234303
542409
996043
525574
820209
126436
317707
282747
60657
195384
154110
411517
431782
671105
668400
158583
351223
687233
724648
624293
335854
629789
736082
534708
452007
585476
616014
842694
781108
545738
925140
373009
925585
496275
51073
282535
446783
329322
448963
602192
126335
792945
156894
58835
858028
97523
958872
451988
800629
165717
327239
589719
41654
887468
309
40930
893171
670184
13229
920897
103536
162477
882533
412707
465136
188802
969223
380450
432264
994274
39582
495904
600798
25072
941849
585868
677315
930632
567615
113988
541483
164401
116144
315733
729285
2286
887252
535646
730875
667444
332898
970450
265800
757493
197839
248923
906544
229082
698769
868764
823585
554768
851214
30863
266084
550458
250726
471310
134720
225540
699930
86253
588971
916951
141015
489859
499630
385896
282339
409610
347860
272428
90595
750044
901006
939046
733382
342621
104486
402976
461394
619256
653278
956920
901257
678914
785125
788113
802423
399610
820789
602603
693851
184050
179980
806733
673968
472967
915012
881439
551574
156107
836433
565780
751522
427716
6423
673860
604799
742222
269862
672343
873791
430491
458131
734941
973570
574299
551924
682747
621953
730230
562039
660673
93880
689526
40927
43350
804846
560578
322205
270612
750114
894213
421063
641329
76179
199214
694263
186194
168620
65680
774787
251780
37259
306601
67476
509189
800301
934335
641829
113916
449272
831398
274714
411913
729699
707103
63802
156791
587974
903899
217867
459790
274746
155037
662665
166725
867756
772605
325698
749397
598339
82888
229777
86441
173611
128965
402932
73778
911358
901394
669133
141718
133327
471149
523634
414600
450514
793872
935985
312627
57067
661939
208931
28495
185745
665845
146795
684247
993887
650261
671820
758929
692663
280474
941604
472780
261779
469523
613193
841384
89578
417209
712063
281807
909755
687344
44307
541954
315320
90476
145558
190094
46354
715249
466361
816669
358173
815410
855426
295464
359200
375195
457833
534346
919420
608682
610641
982256
318838
444152
89446
779501
395427
616598
177807
2474
180143
100498
970128
448954
471498
890521
424064
452300
625135
192502
93985
514554
753489
346169
604385
86078
54117
574771
999596
886404
77191
243357
310764
560666
67274
544152
397598
351043
928223
802575
669522
479980
403872
189240
473791
577078
38394
743162
211904
844722
207733
493289
219631
422186
200482
596780
197085
450972
134304
256192
92587
576642
225290
399189
937671
479500
279360
605910
705607
848304
156881
777350
342427
961495
229890
721158
760946
987832
515709
798003
881324
983938
825945
705516
903223
276915
100290
357041
513097
577670
380165
259110
91320
894921
747835
870647
612729
979276
56847
209623
349619
345717
372717
885537
745535
869937
806472
400991
314559
668805
393096
395752
531096
709251
76879
388195
218125
734167
157095
953066
411129
411777
301450
698379
790248
162141
137100
362536
365907
634078
722345
314302
640503
882457
809895
831490
185169
516413
429031
674215
524216
668513
186446
352125
185942
575478
167882
912371
796612
301787
196420
912125
148610
329872
121889
14864
782544
932674
492723
744458
643435
989828
678722
674671
743783
329247
855219
306959
25062
70912
267795
525955
664242
736464
126339
840342
822397
908641
284031
520256
836018
476675
943692
275980
354039
614519
427198
310748
849282
474811
609379
578563
61845
54596
880208
10704
701847
99466
958278
327466
24592
238717
466240
173655
191361
242965
371291
646743
479262
617287
340130
40621
732521
14867
726901
75645
777581
349306
440278
31248
244755
49037
492881
924021
954020
284641
238789
155267
660379
897311
598226
346297
646310
515192
835745
722374
358457
571445
840458
443236
645455
17644
251495
289694
208319
593230
786675
905587
463607
985182
763549
996243
430423
980668
719471
643718
841516
586016
256790
758188
655303
859298
401869
142623
852537
211701
888298
491828
147886
437684
538437
432865
667044
799956
491137
611960
902918
800826
608568
142993
283241
294118
428359
811014
868514
530316
354355
726040
84417
393667
882166
968432
702063
765527
383786
454527
387616
641657
949073
44422
618996
99798
564926
77618
562480
139460
165732
622815
555923
587289
666554
880957
241688
641238
797063
659600
133448
427905
295183
305105
843001
86224
302554
287154
765542
62529
919517
902527
65580
561351
705160
983136
509791
880670
34731
584891
791623
464895
959750
58422
588538
295600
705067
859546
825431
513459
321234
895507
82908
335326
429497
728788
413157
609098
831222
300759
228546
537637
644570
207042
59827
58339
736068
999461
703746
261009
231679
541600
851198
208138
402137
958242
472783
864450
563073
659851
26107
464704
152539
982323
928500
489000
446052
63556
840923
335158
313533
650242
142805
772231
217302
16492
132808
538001
480376
11322
499827
735795
672878
823301
922152
374887
295505
725830
786854
65940
53039
510390
822487
154113
609752
427925
366050
689315
943748
359687
779950
199127
592612
913240
396789
311915
491267
192864
384064
928726
249561
296322
813060
626888
923245
650958
892505
612828
722595
718534
541843
814763
603945
643902
84415
513402
465722
388701
958332
469971
481870
451392
726195
618609
881054
9789
927668
935700
35095
773316
520046
952565
161627
100514
47499
338900
738606
340959
268582
904621
280643
199112
358122
708937
286244
462727
705928
425456
90488
234670
290004
163259
673204
190290
495549
525320
453473
298772
523047
321992
578181
676667
93223
843442
572849
628029
481498
440410
57190
817245
108898
921884
991141
136366
880382
380402
470034
607413
742085
401254
996100
497196
727807
210657
636716
959075
595040
862817
16159
67265
928482
780873
771201
184041
164862
418258
945680
702456
325382
672095
803338
300330
264674
4015
757628
629340
427877
306092
250729
481068
258635
447904
172179
581372
920273
656775
394984
651222
771569
547263
462988
612457
413945
285084
872447
229810
584263
628248
763819
678262
742371
460071
474189
594923
159353
699881
662397
435255
432369
363449
253211
29776
218093
385954
757784
410050
131615
52146
762014
152911
421508
509158
824797
978096
129728
698116
363444
368570
142615
45000
334392
122076
123653
159926
54947
783365
456508
97870
262172
800866
725752
748318
7262
527813
595008
808753
151176
930657
20794
604773
143106
650738
406763
165403
670406
505529
19403
202887
294162
617829
794241
310375
186345
613197
744960
838672
815232
386842
70525
457187
140940
848514
902796
251743
250533
233391
945878
7440
390487
906494
934649
27942
308742
180002
437372
357856
21243
202793
456814
992935
688335
976727
334234
939319
257842
444782
677288
401848
335897
448783
810963
889131
108930
167482
762498
866432
319141
852978
240966
119748
874169
119868
646191
767607
15135
64197
507723
434811
364783
862883
956476
66089
711070
206004
561717
184702
777993
411555
693585
193139
384224
151433
689808
274218
560625
123567
661038
301188
982160
490610
216161
564559
515873
957824
25200
958749
729602
693182
481067
151792
181591
65484
91659
444177
700339
480224
448550
156928
904863
334671
782414
324677
150411
223786
411464
516709
929871
210437
459684
628784
847388
438483
404990
380151
657347
762541
219407
212252
169889
61745
498736
231617
22119
378823
485869
848034
771458
654079
277314
103679
574187
516502
722997
159729
750669
529880
591055
878366
951181
766367
482424
103432
211003
387129
207022
815487
899413
662440
669858
548983
301170
195906
733871
260148
64402
895929
528375
347618
991103
368245
333788
911745
555295
605533
816280
9725
575257
350325
991930
969755
403682
151010
3134
980880
413091
960520
701831
210732
207305
651604
800379
778867
859560
339605
937147
241292
803277
69125
228542
467411
255135
965542
470601
736265
234096
489288
579277
303787
870438
295143
753116
206304
210304
287537
226121
442699
251527
703460
884892
261633
999508
51798
959471
608916
202488
610895
261609
487694
187787
813520
81620
299642
285012
83127
290780
852060
668690
760890
144486
652480
394277
138769
857994
634479
986908
181168
247151
719423
418076
426610
779842
507714
896489
451729
421843
901918
201940
254994
912204
719741
341057
523198
851342
523738
648148
505930
235177
665084
822968
919320
687992
867712
979339
573782
240087
608270
12073
254020
253123
572590
763924
3796
841868
204339
969277
250922
838585
442069
46321
432259
525368
434845
310115
611122
200448
466297
674834
441412
675333
978671
523799
404933
915479
262382
849101
886812
162776
417536
515997
819857
375192
171869
365412
396143
786511
418585
295108
877061
132534
753148
438020
733830
20482
903282
849125
223376
656254
550937
621122
277578
41027
321784
628898
237862
158679
487952
390302
167622
621664
635850
553577
178938
944067
298383
772033
775656
840414
123447
365745
26181
358622
390937
830400
552319
599613
146881
265274
862653
202139
723263
891800
442174
887864
630172
983694
491678
660556
168104
31858
374967
635331
1967
131204
401828
980504
812298
570974
875617
704909
770577
286521
609038
42116
837230
995097
696530
571966
929805
232662
604316
942445
461935
476617
679749
450487
891422
588879
951698
143882
103035
194173
1045
911574
569843
754208
864114
859052
61072
199343
825983
490609
573931
409808
203973
416446
351743
145091
24740
6488
183130
250607
450643
942343
52269
348487
913540
266645
724674
393433
994085
379236
589964
763251
461891
598252
777818
71410
790217
468625
133734
909416
764647
44701
239242
308265
699598
171615
909266
904434
191191
790943
506924
488183
499651
304636
27708
336584
557917
672421
473292
429151
715004
454640
994145
766024
668133
213402
917161
162349
613517
382812
310544
177789
548155
536678
822641
535353
476684
200314
127401
833755
862096
224808
557064
887651
964690
708962
939233
85311
964726
851963
486913
152406
345978
397440
403388
890609
903455
339827
839906
470662
476385
977952
38545
718499
42081
985823
584164
241971
747172
691109
763209
737008
142964
731206
124017
490598
459556
802379
161824
331552
705713
438251
210788
898481
272132
726762
951330
789536
203540
884491
229580
445553
284905
757171
684270
809228
158011
694300
937704
260237
46841
768370
200438
73063
442725
619022
965547
702837
519900
85068
126973
71583
988852
955787
366393
288421
402046
678336
871383
809675
173546
36983
627560
829409
616074
491368
34348
835950
921135
844018
43008
396217
107119
544694
472948
697587
130953
349587
396795
167556
553695
32953
75899
562608
139681
912428
775813
35878
271307
908951
23198
407013
789700
505354
826108
588107
663335
984402
285836
699708
735391
293428
232496
124395
207596
203718
827783
160712
984706
886249
568868
28166
413520
264486
689760
377480
856798
249508
539018
837287
203343
422339
280637
20834
57670
287513
180555
520163
387429
916871
751765
827370
293681
374583
792700
105560
776849
430004
857138
785946
944821
548517
119274
511984
430612
493415
822318
516057
859405
859334
691406
211101
498287
974680
941302
567351
302228
752695
320857
541276
352744
52441
56394
528172
620232
341070
547817
720884
277765
418389
555514
886622
825351
79898
929105
191030
587086
9360
527850
315033
596436
559079
697877
675068
548303
119786
834062
7190
150162
774841
618794
615019
219923
588190
947566
634103
176263
12429
183418
586035
766314
714044
527523
730886
652571
540445
768414
80011
215331
395317
740567
283579
929494
132058
557985
134199
948242
282957
578953
466933
275300
659697
152643
293508
440331
31016
245958
322557
744980
389577
986739
375816
342372
148351
604528
611528
571604
380289
48340
607652
122998
772969
216571
319219
910070
178228
649528
57731
598172
474517
28714
401798
771374
123830
492903
551386
992307
21836
313302
190132
347154
15765
327129
112488
404824
121841
611943
278807
800856
115866
396023
712629
957740
866690
192728
235061
432474
195592
666846
703252
252179
64726
248246
959551
254293
132761
338331
164386
515503
202206
657505
704911
805220
341254
971311
52038
445865
884838
61706
830951
154057
925501
48844
845553
448489
980882
209971
281718
562789
954474
879317
293341
673496
649315
355569
672979
690363
209264
103841
250384
421605
643186
154861
230018
50544
349871
655161
746712
387964
361393
446366
516716
289997
847677
809813
226381
272016
894127
267983
980584
259899
422831
935523
690323
556049
427346
802591
968055
404869
51727
776959
616663
206902
800283
761980
491073
850265
91172
621115
123727
656245
709287
523750
61018
751879
127599
469464
360701
24965
215723
529842
788289
190784
278762
471243
507178
634082
382261
935620
582429
783895
818889
177081
557100
519241
383471
491987
131264
957187
88954
764922
740258
244471
652253
170536
837222
381531
2918
239833
942260
10477
881051
358046
268724
421527
745135
812177
814677
656303
197281
675555
87035
672853
561138
712209
939203
845055
400449
749621
161268
130194
73604
198969
87299
483750
450149
160998
78850
39596
23287
720346
850855
908268
920019
96728
63541
882470
527763
415098
572105
384602
104810
896065
514243
533668
285471
793229
2703
336319
565924
512360
78543
512298
623511
653884
488039
288487
575956
129125
